0 0.547511 0.200716 0.0267285 0.0254891
0 0.213061 0.823884 0.0210317 0.0207849
0 0.367052 0.603728 0.0282097 0.0259396
0 0.312967 0.0496314 0.0253717 0.0223603
0 0.340832 0.811136 0.0237965 0.0218871
0 0.661984 0.584028 0.025914 0.0265121
0 0.401301 0.777094 0.0207937 0.0179453
0 0.875275 0.601687 0.0249681 0.025154
0 0.298096 0.799874 0.0285762 0.0263368
0 0.277115 0.857832 0.0252684 0.0230433
0 0.242509 0.314725 0.0281486 0.0259128
0 0.330847 0.841278 0.0230043 0.0222812
0 0.474057 0.378546 0.0312248 0.0274739
0 0.753616 0.760154 0.0274223 0.0275928
0 0.620266 0.693476 0.0370275 0.0386391
0 0.308449 0.904504 0.0172598 0.0156978
0 0.404874 0.569656 0.0274733 0.0282885
0 0.27547 0.502357 0.0300899 0.031139
0 0.577831 0.532136 0.027001 0.026213
0 0.111206 0.247728 0.0274692 0.0276825
0 0.212889 0.395461 0.0321738 0.0311247
0 0.688934 0.576341 0.031723 0.0296975
0 0.488669 0.354712 0.029777 0.0296597
0 0.663223 0.471377 0.030136 0.0252194
0 0.637392 0.514406 0.0417038 0.0407741
0 0.432744 0.146483 0.029277 0.0313378
0 0.113404 0.324672 0.0271496 0.0256309
0 0.743603 0.711213 0.032708 0.0378274
0 0.243405 0.739695 0.030531 0.0300821
0 0.560144 0.588594 0.0302463 0.0314824
0 0.431873 0.760136 0.0341249 0.0344576
0 0.467645 0.601878 0.0285911 0.029408
0 0.0862685 0.413347 0.0271187 0.0254582
0 0.564319 0.220231 0.0314896 0.0304485
0 0.212732 0.244505 0.0314902 0.0296738
0 0.741409 0.554634 0.0249428 0.0272048
0 0.13971 0.23907 0.0301394 0.0292505
0 0.428042 0.17421 0.0259988 0.0285642
0 0.551204 0.655283 0.0303828 0.0299676
0 0.836118 0.811644 0.0318482 0.0344349
0 0.370493 0.861657 0.0219184 0.0185208
0 0.580196 0.452072 0.0398654 0.0369586
0 0.581435 0.649308 0.0300553 0.0311939
0 0.730264 0.617989 0.035383 0.0342976
0 0.416604 0.201938 0.0314707 0.0269712
0 0.652185 0.610905 0.03252 0.0347915
0 0.735575 0.586846 0.0344415 0.0355717
0 0.452389 0.204815 0.0302948 0.028017
0 0.465831 0.150847 0.0294463 0.0264096
0 0.680572 0.527315 0.032724 0.0312153
0 0.350047 0.242168 0.0381058 0.0391163
0 0.429911 0.0720932 0.0330192 0.0311995
0 0.549657 0.345223 0.0292608 0.026219
0 0.652426 0.688934 0.0356849 0.0347281
0 0.615074 0.802819 0.0348318 0.0340974
0 0.286 0.972851 0.0225948 0.0200092
0 0.319684 0.438933 0.0274021 0.0265741
0 0.332188 0.0731371 0.0306839 0.0300592
0 0.311254 0.466346 0.0314343 0.0332393
0 0.393823 0.596595 0.0317701 0.0314978
0 0.148686 0.36316 0.0304625 0.0304421
0 0.772322 0.704587 0.0347084 0.0327071
0 0.320308 0.514787 0.0291711 0.030364
0 0.568602 0.480584 0.0345249 0.0313488
0 0.34812 0.836381 0.0146467 0.0125191
0 0.0674911 0.391022 0.0292021 0.0270419
0 0.278036 0.779841 0.0335344 0.0341565
0 0.725638 0.694472 0.0258074 0.0237329
0 0.140767 0.316096 0.0336541 0.0309696
0 0.288547 0.832102 0.0298854 0.0304246
0 0.515064 0.343643 0.0313471 0.0347613
0 0.268354 0.693537 0.0337399 0.0334713
0 0.783017 0.568106 0.027708 0.0281704
0 0.293617 0.60614 0.0354666 0.0349211
0 0.378697 0.833326 0.0190294 0.0196531
0 0.314515 0.278806 0.0340371 0.0345027
0 0.196537 0.728451 0.0284786 0.0263051
0 0.671431 0.554874 0.0322219 0.0311459
0 0.452489 0.509991 0.0280656 0.0254297
0 0.487277 0.544861 0.0315216 0.0310082
0 0.311995 0.393279 0.0330156 0.0305176
0 0.22023 0.293584 0.0282189 0.0280291
0 0.198245 0.578091 0.0326805 0.0350004
0 0.613855 0.380549 0.0342068 0.0334886
0 0.164092 0.421593 0.0358098 0.0349664
0 0.902608 0.593839 0.034495 0.0323774
0 0.64067 0.305364 0.0306429 0.0295933
0 0.624669 0.462946 0.0336545 0.0308321
0 0.263459 0.263819 0.0343931 0.0372937
0 0.305756 0.230013 0.0358379 0.0338642
0 0.426102 0.362421 0.0382724 0.036454
0 0.701153 0.546756 0.0382618 0.0346932
0 0.553809 0.382351 0.035117 0.0338299
0 0.446873 0.735911 0.0340819 0.0371196
0 0.847695 0.531997 0.032522 0.0322218
0 0.25053 0.132502 0.0342733 0.03596
0 0.430842 0.45184 0.0156265 0.0151458
0 0.183816 0.404278 0.033693 0.0307695
0 0.698019 0.621439 0.0336001 0.0354401
0 0.743064 0.791115 0.0314473 0.0298985
0 0.341318 0.191418 0.0340985 0.0339154
0 0.310834 0.199962 0.0333902 0.0379717
0 0.782678 0.678501 0.0330324 0.0332595
0 0.13025 0.266695 0.0308636 0.0284631
0 0.149796 0.63719 0.0327367 0.034733
0 0.37058 0.80516 0.0353767 0.0344283
0 0.316798 0.821344 0.0315463 0.0315975
0 0.377746 0.158994 0.0259094 0.0258033
0 0.428506 0.559414 0.0278462 0.0275877
0 0.305695 0.0773059 0.0294956 0.0313336
0 0.660997 0.326036 0.0336837 0.0382354
0 0.584354 0.241348 0.0302167 0.0313829
0 0.662846 0.898037 0.0362058 0.0391325
0 0.643169 0.482981 0.0332137 0.0296288
0 0.212622 0.747896 0.0357421 0.0370864
0 0.34681 0.701166 0.0356995 0.0336805
0 0.625544 0.617941 0.0340171 0.0344352
0 0.254399 0.56143 0.0381119 0.0344848
0 0.460602 0.246608 0.0327364 0.0332162
0 0.249277 0.359666 0.0317081 0.031517
0 0.423509 0.513859 0.0341266 0.0302134
0 0.194114 0.300257 0.0328725 0.028546
0 0.347727 0.583553 0.0309215 0.0278723
0 0.772836 0.629126 0.0317321 0.0345364
0 0.125998 0.377809 0.0321096 0.0299771
0 0.826634 0.688201 0.0307684 0.02875
0 0.716892 0.720975 0.0334672 0.0342749
0 0.479602 0.918735 0.0298926 0.0309862
0 0.198697 0.962119 0.0275758 0.0231878
0 0.592441 0.894761 0.0343709 0.0350267
0 0.255702 0.479862 0.0309335 0.0291026
0 0.398931 0.180801 0.0306875 0.0324829
0 0.236646 0.539946 0.0330997 0.0351167
0 0.309526 0.738742 0.0342661 0.0333843
0 0.444199 0.228631 0.0322443 0.0283369
0 0.486126 0.499669 0.0207327 0.0229716
0 0.295212 0.87673 0.029056 0.0271836
0 0.523902 0.664424 0.03003 0.0295351
0 0.700615 0.701647 0.0311204 0.031784
0 0.0686623 0.311126 0.0342545 0.0302351
0 0.304763 0.419083 0.0370206 0.0301503
0 0.310368 0.120857 0.0334615 0.0321946
0 0.692666 0.811994 0.0297131 0.0282968
0 0.343301 0.856666 0.016715 0.0171739
0 0.604711 0.336891 0.0306121 0.0305512
0 0.379413 0.235129 0.0251875 0.0306118
0 0.520633 0.207767 0.0323608 0.0318618
0 0.404335 0.151546 0.0298213 0.0308118
0 0.913525 0.712605 0.0335446 0.0326945
0 0.371236 0.11229 0.0311132 0.0298285
0 0.694466 0.890248 0.0308363 0.0333406
0 0.368567 0.18381 0.0314171 0.0360045
0 0.370618 0.858057 0.0227901 0.0250398
0 0.391986 0.0322025 0.0299715 0.0266055
0 0.494792 0.594407 0.0310661 0.0324386
0 0.268699 0.808797 0.0296011 0.0314708
0 0.343449 0.271602 0.0339384 0.036519
0 0.433972 0.668349 0.0198126 0.0214191
0 0.523139 0.584669 0.0272559 0.0234569
0 0.415312 0.814178 0.0286423 0.0283512
0 0.350293 0.782882 0.0348039 0.0322569
0 0.0402752 0.133894 0.0264814 0.0233544
0 0.0450764 0.291331 0.0354951 0.0321639
0 0.54416 0.882441 0.0316693 0.0353698
0 0.606574 0.59931 0.0342391 0.0346828
0 0.541532 0.413023 0.0322648 0.0334025
0 0.247036 0.592894 0.0316001 0.0348194
0 0.0784257 0.559367 0.0337684 0.0295895
0 0.0768928 0.36306 0.0341103 0.0367428
0 0.272265 0.0778987 0.0356255 0.0361959
0 0.590454 0.427249 0.0329819 0.0320518
0 0.232613 0.26614 0.0316673 0.0332904
0 0.64352 0.564578 0.0326216 0.0292993
0 0.556782 0.854376 0.0367336 0.0365621
0 0.0682999 0.585377 0.0301878 0.0323823
0 0.190418 0.604649 0.0339501 0.0366286
0 0.324689 0.678347 0.0339154 0.0318639
0 0.715003 0.386202 0.0326032 0.0350719
0 0.183109 0.329294 0.0338061 0.0312073
0 0.272368 0.155144 0.0366463 0.0345457
0 0.366779 0.877794 0.0127755 0.0109606
0 0.421361 0.588281 0.0288053 0.0299067
0 0.562418 0.627853 0.0306474 0.0355624
0 0.407183 0.84354 0.0349241 0.0328059
0 0.151027 0.4459 0.0290154 0.0310891
0 0.562548 0.902809 0.0353252 0.0327355
0 0.212425 0.320064 0.0333199 0.0323451
0 0.622952 0.772981 0.030248 0.033633
0 0.587999 0.698969 0.0269963 0.0308223
0 0.29273 0.44572 0.0332233 0.0299721
0 0.376755 0.0847399 0.0291967 0.0280799
0 0.595072 0.628832 0.0287392 0.0329378
0 0.199139 0.500442 0.0340042 0.0316185
0 0.170161 0.234427 0.0337947 0.0325857
0 0.101905 0.198197 0.0310255 0.026383
0 0.466722 0.948431 0.0325999 0.0355814
0 0.176902 0.353981 0.0329118 0.0293234
0 0.724915 0.766347 0.0310484 0.0307748
0 0.477511 0.124852 0.028756 0.0277973
0 0.366154 0.644139 0.0335508 0.0394546
0 0.202021 0.273236 0.0318878 0.0304191
0 0.387703 0.663528 0.0349406 0.0348676
0 0.247454 0.511761 0.0345968 0.0349998
0 0.526833 0.178775 0.0322856 0.0308605
0 0.762069 0.849181 0.0290764 0.0319583
0 0.266639 0.533548 0.0303606 0.0319042
0 0.354158 0.890234 0.0176462 0.0167768
0 0.458046 0.552154 0.0296681 0.0304525
0 0.52925 0.263436 0.0229593 0.0229785
0 0.813427 0.673205 0.0313631 0.0313239
0 0.385707 0.471848 0.0351458 0.0317052
0 0.357116 0.404408 0.0303485 0.0297531
0 0.0736764 0.282158 0.028795 0.0288721
0 0.515864 0.426761 0.029802 0.0310738
0 0.452899 0.852391 0.0337065 0.0338021
0 0.340189 0.383837 0.0301 0.0327903
0 0.447663 0.928223 0.0310219 0.0361748
0 0.68143 0.491749 0.0335981 0.0344747
0 0.736176 0.406352 0.0302637 0.0300231
0 0.488287 0.241422 0.0266664 0.0298776
0 0.170299 0.584382 0.0319329 0.0386463
0 0.167334 0.307614 0.0279324 0.0278853
0 0.614978 0.649747 0.0352334 0.0333148
0 0.669742 0.441781 0.0314189 0.0333317
0 0.144342 0.399528 0.0326508 0.032281
0 0.329364 0.142219 0.0322868 0.0299503
0 0.555546 0.248828 0.0322953 0.0318212
0 0.414085 0.53989 0.0268168 0.0216404
0 0.342577 0.119574 0.0301687 0.0317959
0 0.257214 0.33398 0.0310866 0.0319728
0 0.797575 0.847283 0.0410355 0.0377862
0 0.812134 0.565934 0.0313719 0.0290301
0 0.525742 0.934279 0.0341781 0.0352242
0 0.34723 0.43133 0.0331715 0.0315956
0 0.619219 0.959858 0.0344743 0.0417154
0 0.364676 0.0383883 0.0281952 0.031461
0 0.463794 0.672706 0.0390348 0.0358394
0 0.0876071 0.605355 0.0325208 0.0290209
0 0.792245 0.649547 0.0334844 0.0337706
0 0.712538 0.833659 0.0313891 0.0315361
0 0.26777 0.306371 0.0320173 0.0338232
0 0.0400561 0.55681 0.0315594 0.0342792
0 0.228437 0.64796 0.0353335 0.0401821
0 0.847394 0.605786 0.0310394 0.0286795
0 0.226636 0.567413 0.0299271 0.034254
0 0.497062 0.144618 0.0302108 0.0327036
0 0.672271 0.634118 0.0303502 0.0292755
0 0.857963 0.834029 0.01816 0.0186629
0 0.572302 0.407159 0.0317973 0.0343446
0 0.265386 0.454325 0.0298581 0.0301014
0 0.0599142 0.501431 0.0352808 0.03341
0 0.129581 0.193308 0.0326149 0.0302434
0 0.690424 0.729692 0.032138 0.0288462
0 0.175388 0.55362 0.0318769 0.0332893
0 0.256908 0.908694 0.0182505 0.0200951
0 0.603375 0.753006 0.03603 0.0349595
0 0.620731 0.281445 0.0309744 0.0286617
0 0.807026 0.817689 0.0335833 0.0342687
0 0.501571 0.870588 0.0364139 0.0292858
0 0.205727 0.545884 0.0360938 0.039387
0 0.302107 0.497011 0.0305662 0.0304883
0 0.481206 0.773155 0.0357467 0.035513
0 0.254105 0.407389 0.0308525 0.0338642
0 0.968079 0.477098 0.0368544 0.0499366
0 0.130463 0.343355 0.0337534 0.0326541
0 0.55929 0.315414 0.0361153 0.0336571
0 0.883046 0.573568 0.0315582 0.0306595
0 0.429392 0.910473 0.0332074 0.0319504
0 0.468349 0.525253 0.0342546 0.0337121
0 0.500788 0.792922 0.037024 0.0358457
0 0.357328 0.672394 0.0354045 0.0352341
0 0.155661 0.478612 0.0325138 0.0342848
0 0.282256 0.90642 0.0210937 0.0201892
0 0.330856 0.41238 0.0288588 0.0276173
0 0.615365 0.569959 0.0341023 0.0297801
0 0.0288743 0.509652 0.0329043 0.0337053
0 0.66194 0.661394 0.0309583 0.0306269
0 0.700789 0.781894 0.0360783 0.0356757
0 0.160761 0.685919 0.0328852 0.0324429
0 0.682019 0.681845 0.0300282 0.0322779
0 0.695499 0.365434 0.0309926 0.0330518
0 0.221942 0.370052 0.0322692 0.0283606
0 0.64417 0.79675 0.0345999 0.0367519
0 0.23683 0.619696 0.0363176 0.0339332
0 0.379138 0.96467 0.0375372 0.03563
0 0.863993 0.73008 0.0311314 0.0355258
0 0.476358 0.726156 0.0312699 0.0324347
0 0.173893 0.124759 0.0266611 0.0275368
0 0.402349 0.639626 0.0330946 0.0277937
0 0.450805 0.277181 0.0322223 0.0305938
0 0.0883996 0.494101 0.0302148 0.034482
0 0.409422 0.688897 0.0378637 0.0352818
0 0.368184 0.916569 0.0250257 0.0256165
0 0.264297 0.377991 0.0344665 0.0314322
0 0.242256 0.162329 0.0324154 0.0305358
0 0.125996 0.457416 0.0331407 0.0364297
0 0.419636 0.101301 0.0318675 0.0349886
0 0.307104 0.657174 0.0301893 0.0337446
0 0.476647 0.573947 0.0330197 0.033011
0 0.21362 0.0887026 0.0336187 0.030063
0 0.23994 0.812717 0.0307843 0.0319217
0 0.355393 0.324454 0.0326519 0.0321523
0 0.75379 0.427002 0.0299618 0.031148
0 0.158243 0.337348 0.0194027 0.0199657
0 0.589321 0.390375 0.031865 0.0343047
0 0.36389 0.834168 0.0127318 0.0134019
0 0.376015 0.575134 0.030242 0.0317161
0 0.395576 0.519176 0.0283953 0.0315775
0 0.759772 0.805701 0.0370054 0.0367331
0 0.283815 0.473708 0.0291596 0.0280666
0 0.302614 0.343938 0.0344395 0.0311867
0 0.735472 0.667236 0.0333385 0.0339272
0 0.234384 0.768157 0.0306087 0.0298272
0 0.726408 0.506906 0.0274768 0.0275755
0 0.656864 0.397997 0.0288508 0.0241377
0 0.2285 0.341017 0.0339853 0.0308257
0 0.634273 0.744964 0.0328433 0.0350281
0 0.0841592 0.335199 0.0345617 0.0291101
0 0.0324192 0.738108 0.0362205 0.0310336
0 0.859421 0.651103 0.0294742 0.0323519
0 0.648336 0.350019 0.0332927 0.0300174
0 0.387105 0.399042 0.0339757 0.0354021
0 0.609495 0.914871 0.0399367 0.0374301
0 0.808875 0.74391 0.0357835 0.0354342
0 0.135286 0.165028 0.0259931 0.025366
0 0.378155 0.889744 0.0303442 0.0337119
0 0.0395756 0.245172 0.0339258 0.0317686
0 0.434975 0.333808 0.035881 0.0361589
0 0.315251 0.629074 0.0341637 0.0336077
0 0.31957 0.24738 0.0293085 0.0301497
0 0.449689 0.0930236 0.0294653 0.0313795
0 0.121363 0.796839 0.0281318 0.027251
0 0.78857 0.725029 0.0327686 0.0288293
0 0.291617 0.175302 0.0326966 0.0312674
0 0.671728 0.788826 0.0337884 0.0333638
0 0.893468 0.619941 0.0301792 0.0268371
0 0.194435 0.374493 0.0303057 0.0291964
0 0.271157 0.0382059 0.0323443 0.026731
0 0.90383 0.770448 0.0286416 0.0330679
0 0.35398 0.885657 0.0170373 0.0159703
0 0.366713 0.528857 0.0314392 0.0304092
0 0.365831 0.723118 0.0334973 0.037092
0 0.653264 0.421946 0.0330364 0.0299934
0 0.604824 0.522913 0.0312858 0.028074
0 0.437638 0.120968 0.0342208 0.0255383
0 0.519381 0.586132 0.0194091 0.0226849
0 0.49493 0.940262 0.0324122 0.0326444
0 0.338475 0.459386 0.0282163 0.0298121
0 0.19042 0.0643638 0.0317627 0.0311732
0 0.412216 0.616166 0.0281844 0.0243898
0 0.204256 0.46593 0.037084 0.0370825
0 0.443151 0.880935 0.0324929 0.0320598
0 0.613204 0.490804 0.0318566 0.0318017
0 0.355229 0.755766 0.0387002 0.0346647
0 0.624856 0.429252 0.0315032 0.0326217
0 0.539145 0.835247 0.0359842 0.0413562
0 0.0833573 0.255291 0.0320685 0.0320093
0 0.237636 0.460535 0.0329916 0.0334574
0 0.206122 0.775273 0.0319625 0.0292691
0 0.459419 0.178372 0.0276284 0.0290901
0 0.719884 0.803224 0.0330031 0.0387716
0 0.351846 0.831048 0.0117498 0.0140005
0 0.806027 0.593489 0.0274315 0.0259621
0 0.0939925 0.227591 0.0353271 0.0305665
0 0.188087 0.829009 0.032629 0.031459
0 0.182657 0.254188 0.0281573 0.02926
0 0.44889 0.580256 0.0313844 0.0305877
0 0.0977204 0.123563 0.0276462 0.0314723
0 0.354967 0.87896 0.0112909 0.00945789
0 0.655977 0.278249 0.0229687 0.0237491
0 0.424507 0.284276 0.0320246 0.0324685
0 0.156869 0.610154 0.0329888 0.0334747
0 0.115235 0.408033 0.0328425 0.0335571
0 0.0935523 0.38628 0.0328833 0.0310196
0 0.865529 0.550649 0.0301368 0.0299433
0 0.701527 0.859026 0.0337746 0.0335437
0 0.593801 0.360718 0.0288826 0.0256848
0 0.282252 0.127098 0.0315014 0.0302877
0 0.4664 0.75254 0.0334197 0.0341423
0 0.697307 0.439077 0.027844 0.0275683
0 0.406491 0.245115 0.0333579 0.0324497
0 0.400506 0.0807108 0.0270035 0.0304712
0 0.347662 0.875756 0.00996007 0.0106481
0 0.268528 0.883654 0.029299 0.0311846
0 0.355906 0.554784 0.0328377 0.0309886
0 0.151241 0.287854 0.0344912 0.030362
0 0.621361 0.359857 0.0268617 0.0184933
0 0.652962 0.537069 0.030831 0.0320453
0 0.581217 0.730806 0.0273359 0.0306539
0 0.230058 0.414209 0.0310504 0.026501
0 0.0178261 0.301422 0.0265812 0.0327887
0 0.138141 0.128548 0.0200979 0.0191803
0 0.779668 0.497178 0.0276454 0.0298179
0 0.0766275 0.630975 0.0315989 0.0326064
0 0.841149 0.632903 0.0291629 0.0296979
0 0.904408 0.194438 0.0222663 0.0227816
0 0.572791 0.270075 0.0301881 0.0314635
0 0.218569 0.439802 0.0310115 0.028876
0 0.472891 0.801597 0.0316004 0.035879
0 0.28246 0.398661 0.0301003 0.0302501
0 0.384439 0.0594093 0.0278605 0.0270543
0 0.663676 0.73918 0.0324091 0.0324723
0 0.22142 0.141729 0.0311183 0.0315786
0 0.120814 0.144354 0.0348669 0.0315715
0 0.655248 0.846324 0.0404725 0.0406233
0 0.531478 0.635529 0.0283854 0.0297376
0 0.19972 0.65475 0.031484 0.0341381
0 0.247653 0.285519 0.0314053 0.0320196
0 0.651928 0.766778 0.0295196 0.0317094
0 0.240406 0.88925 0.0273152 0.0278431
0 0.402858 0.797782 0.016656 0.0181392
0 0.470577 0.447278 0.0111322 0.0105512
0 0.277969 0.0150138 0.0281212 0.0236284
0 0.432634 0.832305 0.0281887 0.0322054
0 0.599223 0.0671988 0.0216509 0.0193117
0 0.562867 0.558732 0.0465183 0.0320681
0 0.113077 0.67513 0.0325247 0.0373261
0 0.772686 0.781576 0.0334283 0.0301007
0 0.121682 0.219554 0.0290134 0.029061
0 0.883976 0.645675 0.0286733 0.0306189
0 0.398722 0.720238 0.0408309 0.0371265
0 0.363111 0.835401 0.0153252 0.0168274
0 0.320594 0.936439 0.0181115 0.0177564
0 0.812714 0.638215 0.0318727 0.033131
0 0.141333 0.666599 0.0322216 0.0330339
0 0.089886 0.149948 0.028261 0.0283198
0 0.304919 0.575386 0.0331992 0.0312461
0 0.31696 0.708078 0.0286263 0.0290031
0 0.706081 0.749395 0.0329231 0.0293474
0 0.574989 0.873879 0.0364558 0.0337331
0 0.889931 0.797181 0.0429809 0.0399895
0 0.347433 0.623389 0.032375 0.0362275
0 0.710775 0.674249 0.0349842 0.0349079
0 0.759747 0.731234 0.0319745 0.03197
0 0.499858 0.115822 0.0311706 0.0340784
0 0.286154 0.323196 0.034954 0.029519
0 0.0475602 0.370097 0.0351223 0.0390314
0 0.851816 0.756929 0.0350076 0.0332332
0 0.437773 0.698846 0.0227493 0.0365421
0 0.884746 0.719352 0.0276597 0.0326581
0 0.312724 0.543347 0.0335274 0.0317834
0 0.337351 0.732676 0.0300729 0.0307769
0 0.389974 0.131033 0.0287231 0.0352778
0 0.440297 0.609227 0.0293943 0.0301771
0 0.881502 0.74999 0.0292335 0.0306023
0 0.666885 0.371217 0.0323764 0.0335312
0 0.549823 0.28699 0.0156298 0.017523
0 0.489956 0.895163 0.0331912 0.0323622
0 0.3618 0.139934 0.0328928 0.0297262
0 0.50634 0.564862 0.031202 0.0299501
0 0.50869 0.91523 0.028177 0.0291346
0 0.740589 0.904406 0.0399154 0.0400109
0 0.600478 0.261111 0.0296781 0.0292857
0 0.898598 0.270595 0.031148 0.0251141
0 0.338716 0.0461048 0.0283351 0.0306985
0 0.679915 0.603896 0.0279404 0.0312279
0 0.761102 0.0161728 0.0243807 0.0258608
0 0.351922 0.313227 0.0416178 0.0555932
0 0.485639 0.621517 0.0208143 0.0219033
0 0.192454 0.909686 0.0288762 0.0307229
0 0.441269 0.303757 0.0364952 0.0337162
0 0.0530969 0.183455 0.0253302 0.0255854
0 0.623298 0.854773 0.03676 0.0373782
0 0.790716 0.796602 0.0292278 0.0311288
0 0.408557 0.14948 0.0198194 0.0259514
0 0.109435 0.173262 0.0264903 0.0270483
0 0.385008 0.548519 0.0321349 0.0303408
0 0.502276 0.722755 0.0246812 0.0318779
0 0.499459 0.749152 0.0369208 0.0359609
0 0.752125 0.876256 0.0329924 0.0355672
0 0.791668 0.543142 0.0329501 0.0301445
0 0.45489 0.782323 0.0286307 0.0292385
0 0.799796 0.772017 0.0341643 0.0375049
0 0.700951 0.411124 0.0328411 0.0312092
0 0.805342 0.697249 0.0312893 0.0335843
0 0.808322 0.489843 0.0293501 0.029483
0 0.28068 0.743762 0.031928 0.0346632
0 0.630237 0.330684 0.0280925 0.0303184
0 0.177384 0.703462 0.0318004 0.0329331
0 0.235913 0.193836 0.034103 0.034195
0 0.546026 0.767227 0.0297929 0.0335063
0 0.278199 0.663214 0.0331006 0.0334362
0 0.78109 0.869803 0.032924 0.0370328
0 0.302678 0.149433 0.0297993 0.0322929
0 0.0197389 0.458608 0.0310747 0.0305177
0 0.251687 0.863613 0.0300177 0.0306904
0 0.325346 0.868167 0.0309483 0.0305994
0 0.841819 0.785344 0.0280819 0.0266901
0 0.54665 0.285399 0.0217272 0.0211966
0 0.88134 0.828865 0.0286901 0.0235328
0 0.573545 0.947859 0.0304634 0.0329664
0 0.51977 0.889052 0.0326974 0.0329703
0 0.495288 0.653733 0.0337003 0.0388911
0 0.375443 0.425712 0.0313983 0.0311594
0 0.535826 0.979308 0.0361379 0.0263346
0 0.440035 0.535225 0.032884 0.0330736
0 0.22441 0.795076 0.031986 0.033291
0 0.580622 0.922026 0.0289864 0.0278042
0 0.556436 0.817609 0.0329391 0.0341658
0 0.207724 0.699032 0.0315197 0.0388167
0 0.0474902 0.214408 0.0316734 0.0286977
0 0.0216449 0.192018 0.0318808 0.0330162
0 0.705751 0.0204047 0.0315262 0.0330384
0 0.243257 0.23993 0.0327185 0.0321959
0 0.319209 0.789035 0.0294702 0.037073
0 0.0385343 0.32092 0.0346869 0.0309979
0 0.17685 0.20631 0.0326583 0.0288225
0 0.248104 0.674006 0.0351049 0.0361935
0 0.861676 0.805858 0.0260868 0.0327848
0 0.732144 0.853469 0.0305545 0.0392127
0 0.70575 0.593094 0.02601 0.027341
0 0.305293 0.957516 0.0236489 0.0281941
0 0.499658 0.634198 0.0225034 0.0205773
0 0.184487 0.175654 0.0356175 0.0362264
0 0.153162 0.104238 0.0290491 0.0323793
0 0.508212 0.260775 0.0263403 0.0289953
0 0.634492 0.589889 0.0305029 0.0260309
0 0.132958 0.696226 0.0327451 0.028728
0 0.842629 0.281983 0.0350039 0.0340915
0 0.777829 0.595915 0.0338967 0.0324843
0 0.384724 0.624231 0.0334816 0.0313402
0 0.137231 0.587495 0.0375677 0.0339152
0 0.178774 0.781136 0.0319196 0.0303874
0 0.405401 0.339193 0.0318297 0.0384276
0 0.150267 0.214629 0.0336421 0.0275908
0 0.518396 0.812991 0.0367894 0.0350428
0 0.597858 0.551809 0.0297438 0.0304828
0 0.624871 0.544049 0.0315518 0.0314925
0 0.465116 0.411087 0.0363493 0.0330961
0 0.286605 0.636229 0.0298129 0.0328177
0 0.292151 0.10011 0.035837 0.0362413
0 0.0767849 0.707153 0.0301917 0.0312072
0 0.395614 0.983464 0.0281726 0.0183867
0 0.407535 0.0539208 0.0268356 0.0269661
0 0.260868 0.103899 0.033686 0.0315068
0 0.751871 0.681711 0.0317186 0.0348977
0 0.347921 0.92483 0.0224071 0.0199253
0 0.0651421 0.235102 0.0257201 0.0274817
0 0.185251 0.524649 0.0355727 0.0337834
0 0.0516435 0.533295 0.0376646 0.0368426
0 0.352115 0.829112 0.0109763 0.00979398
0 0.158199 0.834549 0.0318617 0.034276
0 0.721287 0.355534 0.0226266 0.0254737
0 0.595696 0.859063 0.0347084 0.0362611
0 0.258302 0.837352 0.0272401 0.0274206
0 0.103194 0.53194 0.0364146 0.0348713
0 0.762146 0.930651 0.029651 0.0299722
0 0.345213 0.0164921 0.0307059 0.026292
0 0.814757 0.8661 0.036788 0.0369979
0 0.129041 0.615794 0.03015 0.0270021
0 0.489133 0.173814 0.0307134 0.0304072
0 0.483298 0.696388 0.0346688 0.0373396
0 0.643892 0.0168093 0.0388204 0.0282256
0 0.282204 0.205899 0.0317683 0.0358306
0 0.434548 0.637125 0.0292934 0.0317595
0 0.562404 0.706272 0.0322466 0.0354467
0 0.390621 0.206655 0.0366233 0.0336034
0 0.65301 0.417115 0.0353502 0.0405696
0 0.677046 0.0977529 0.0310041 0.0353015
0 0.689476 0.462878 0.0271051 0.0283189
0 0.295889 0.687952 0.0288595 0.0324533
0 0.374492 0.0145911 0.032431 0.0232485
0 0.398046 0.793394 0.0272245 0.0266452
0 0.147525 0.903954 0.0333934 0.0297924
0 0.526066 0.865845 0.027239 0.0297234
0 0.273354 0.584036 0.0307938 0.035665
0 0.602912 0.0478519 0.0244934 0.0194397
0 0.18355 0.754887 0.0259259 0.0285462
0 0.419435 0.792942 0.0174972 0.016499
0 0.32432 0.974756 0.0356238 0.0348196
0 0.77346 0.521089 0.0312575 0.0264747
0 0.0676054 0.660379 0.0327883 0.0325305
0 0.142565 0.741528 0.0334799 0.0362323
0 0.643953 0.450056 0.0307914 0.0305184
0 0.0584647 0.264112 0.0336616 0.0262898
0 0.158407 0.761463 0.0317475 0.0348868
0 0.472587 0.874032 0.0278495 0.0330741
0 0.527585 0.583226 0.0180458 0.0210048
0 0.827894 0.767414 0.0264311 0.0291812
0 0.753592 0.500523 0.0319554 0.0322516
0 0.418139 0.979596 0.0234679 0.0266056
0 0.335048 0.648983 0.0332301 0.0346009
0 0.721479 0.882637 0.0320262 0.0360812
0 0.382067 0.317366 0.0279224 0.0346369
0 0.393436 0.792987 0.0214713 0.0236552
0 0.567113 0.294491 0.0215598 0.0197727
0 0.530701 0.441761 0.0328254 0.0319073
0 0.543559 0.283824 0.027831 0.0257785
0 0.762628 0.54785 0.0283199 0.0276054
0 0.0931449 0.892439 0.0298452 0.0306212
0 0.542102 0.685352 0.0355956 0.0392256
0 0.302349 0.920056 0.0180219 0.0171415
0 0.447259 0.808455 0.0313205 0.0334999
0 0.0357003 0.401449 0.0411585 0.0377359
0 0.0310633 0.695141 0.0401856 0.0378359
0 0.680418 0.0988725 0.023922 0.0293593
0 0.10438 0.0870895 0.0333278 0.0400563
0 0.530836 0.980162 0.0276428 0.0251246
0 0.414356 0.464681 0.0309009 0.0336773
0 0.1749 0.278664 0.0280975 0.0303225
0 0.943657 0.71325 0.0293764 0.0295948
0 0.508182 0.844737 0.0343212 0.0375513
0 0.678693 0.343426 0.0234676 0.0259728
0 0.473226 0.472386 0.0297457 0.033589
0 0.0269515 0.348029 0.040555 0.0381547
0 0.138381 0.852258 0.0315611 0.0331318
0 0.577195 0.338968 0.0282517 0.030428
0 0.618058 0.881959 0.0347759 0.0344699
0 0.367967 0.37936 0.0303996 0.0315469
0 0.261041 0.759831 0.0311631 0.0328038
0 0.790329 0.469053 0.0340667 0.033356
0 0.168928 0.657151 0.0292664 0.0329343
0 0.0583308 0.0758048 0.0245131 0.0266102
0 0.182079 0.0980818 0.0327368 0.0317577
0 0.0381552 0.784831 0.0352913 0.0342751
0 0.65361 0.279482 0.0274097 0.0288036
0 0.644054 0.113596 0.0553308 0.054703
0 0.074126 0.82197 0.0305132 0.0382689
0 0.290572 0.715168 0.0343851 0.0383949
0 0.600367 0.671166 0.0308387 0.0330101
0 0.116124 0.485123 0.0323733 0.0301892
0 0.734754 0.48128 0.0334639 0.0295076
0 0.0870679 0.149685 0.0232181 0.0234097
0 0.324656 0.757626 0.0237405 0.0235707
0 0.0961327 0.652318 0.0341719 0.0361954
0 0.538049 0.792535 0.0326582 0.0337337
0 0.723841 0.0422908 0.0267955 0.0218298
0 0.197104 0.801565 0.0325247 0.0328642
0 0.968004 0.485151 0.036147 0.0366275
0 0.244661 0.433981 0.0303382 0.0291316
0 0.801646 0.895186 0.0277983 0.0277329
0 0.306095 0.849741 0.0336855 0.0306342
0 0.271671 0.425521 0.032757 0.0307755
0 0.427202 0.790233 0.0318896 0.0314682
0 0.251299 0.019477 0.0340319 0.0320245
0 0.241388 0.0814503 0.0308951 0.0318025
0 0.190654 0.147141 0.0336816 0.0317108
0 0.777296 0.829209 0.0309918 0.0310812
0 0.834518 0.73282 0.0302138 0.0361225
0 0.928299 0.441784 0.0370558 0.0414524
0 0.384066 0.266813 0.0283802 0.0287107
0 0.320096 0.169757 0.0312094 0.0299415
0 0.632144 0.258613 0.0318484 0.0311668
0 0.920861 0.61341 0.0295514 0.0309484
0 0.247531 0.788766 0.0208843 0.0272281
0 0.32035 0.0244161 0.0328094 0.0324801
0 0.385639 0.291092 0.0226572 0.0217045
0 0.838675 0.56001 0.0290558 0.0315967
0 0.571341 0.67909 0.0330892 0.0351971
0 0.165752 0.383459 0.0293624 0.031971
0 0.324389 0.326501 0.0336043 0.0373908
0 0.939397 0.632792 0.0295379 0.0341808
0 0.724594 0.434127 0.0336326 0.0342981
0 0.344154 0.908655 0.0180759 0.0169569
0 0.552766 0.736731 0.0330829 0.0335147
0 0.225544 0.487325 0.0324954 0.0364737
0 0.069527 0.736973 0.0368329 0.032296
0 0.857027 0.580176 0.0298428 0.0288317
0 0.293559 0.257069 0.0363289 0.0368037
0 0.114085 0.597834 0.0301381 0.0322694
0 0.156503 0.532527 0.0306719 0.0292276
0 0.832357 0.658752 0.03275 0.032999
0 0.676773 0.947326 0.0335357 0.0335609
0 0.390829 0.440978 0.029655 0.0316836
0 0.860255 0.143957 0.0222308 0.0199224
0 0.460314 0.82745 0.0311439 0.0232222
0 0.460494 0.900978 0.0320045 0.0354078
0 0.645672 0.950004 0.0374296 0.0420132
0 0.349316 0.832357 0.0156569 0.0164616
0 0.356496 0.138661 0.024595 0.0256736
0 0.29184 0.523902 0.0319905 0.0328894
0 0.613803 0.725813 0.027556 0.0288238
0 0.35041 0.876172 0.0166544 0.0114241
0 0.382908 0.937405 0.0238359 0.0287583
0 0.58643 0.579025 0.0266644 0.0302192
0 0.825258 0.838257 0.0365147 0.034189
0 0.505737 0.37265 0.0291021 0.0269804
0 0.916942 0.401074 0.0328009 0.0372421
0 0.753646 0.79894 0.0469986 0.0470398
0 0.0843561 0.791782 0.0331512 0.0309574
0 0.765308 0.655881 0.0310025 0.0312625
0 0.643152 0.379101 0.0271711 0.0302986
0 0.0959369 0.578853 0.0334814 0.0327448
0 0.565166 0.786515 0.0315554 0.0322137
0 0.319962 0.362878 0.0364505 0.0333638
0 0.347249 0.838104 0.0161063 0.0162606
0 0.513661 0.692216 0.0320855 0.0345088
0 0.419532 0.390799 0.0360146 0.0380234
0 0.584551 0.806827 0.0302122 0.0334785
0 0.816197 0.791041 0.0293159 0.030522
0 0.105476 0.436101 0.031841 0.0331363
0 0.375026 0.693924 0.0275819 0.0319151
0 0.230293 0.916743 0.0228465 0.0313771
0 0.608685 0.410216 0.0329384 0.0320628
0 0.481732 0.206976 0.0432923 0.0467098
0 0.156918 0.259019 0.0298903 0.0280397
0 0.961499 0.799482 0.034509 0.0316561
0 0.076814 0.440264 0.0340764 0.031547
0 0.0799965 0.52258 0.0336425 0.0319657
0 0.513584 0.645558 0.0174032 0.0195793
0 0.717633 0.645341 0.0313971 0.0313342
0 0.351433 0.877813 0.0179752 0.0113936
0 0.18745 0.678574 0.0289553 0.0328248
0 0.0211971 0.648274 0.0324921 0.0318177
0 0.488012 0.137863 0.0486547 0.0479772
0 0.228971 0.0341087 0.0353543 0.0323893
0 0.300745 0.767958 0.0264621 0.0348201
0 0.134242 0.428667 0.0325939 0.0310903
0 0.724485 0.1531 0.0365489 0.0372281
0 0.421825 0.978135 0.0304345 0.0284486
0 0.124396 0.72426 0.0324694 0.0307582
0 0.684166 0.392367 0.031676 0.0291805
0 0.48344 0.274041 0.0349485 0.0405544
0 0.0474515 0.449875 0.0371158 0.0352629
0 0.0279101 0.616188 0.0319899 0.0301853
0 0.205197 0.197424 0.0335216 0.0392403
0 0.818331 0.612613 0.0311881 0.0270083
0 0.253805 0.0562189 0.035117 0.0298665
0 0.159696 0.0740607 0.0314909 0.0356581
0 0.346296 0.907356 0.0212649 0.0186792
0 0.329613 0.485768 0.0312485 0.030512
0 0.102386 0.276502 0.030242 0.0295227
0 0.203544 0.931664 0.0184205 0.0291503
0 0.400754 0.779644 0.0224069 0.025311
0 0.429933 0.250599 0.0332965 0.0309979
0 0.382934 0.832197 0.0276764 0.0209378
0 0.549136 0.459718 0.0306531 0.0316882
0 0.353867 0.951096 0.0204547 0.0204766
0 0.480484 0.278306 0.0383543 0.0372022
0 0.388362 0.748281 0.0458554 0.0380095
0 0.534249 0.363534 0.0309216 0.0342453
0 0.703195 0.128683 0.0278393 0.0323163
0 0.765988 0.0188361 0.0309496 0.031222
0 0.794877 0.61745 0.0290483 0.0300986
0 0.251569 0.211774 0.033689 0.0358975
0 0.34318 0.0136125 0.0271353 0.0200923
0 0.222093 0.21813 0.0327195 0.0335614
0 0.292884 0.029269 0.0292206 0.0281729
0 0.356758 0.945499 0.0262144 0.030861
0 0.688849 0.652208 0.0315899 0.031784
0 0.578249 0.608551 0.0312558 0.0348047
0 0.70642 0.706995 0.0415015 0.0434715
0 0.123598 0.645541 0.0294432 0.0317619
0 0.485154 0.269802 0.0327383 0.0290068
0 0.906513 0.638344 0.0250971 0.0233724
0 0.504548 0.22854 0.0313035 0.0342407
0 0.845122 0.860239 0.0246407 0.0336563
0 0.718202 0.567033 0.0311137 0.0310999
0 0.533206 0.328294 0.0267627 0.0240186
0 0.297463 0.0113604 0.0209681 0.0158458
0 0.447094 0.444617 0.0208909 0.0221231
0 0.599227 0.943765 0.0293505 0.0295855
0 0.578315 0.838284 0.0306994 0.0377094
0 0.18121 0.453035 0.0314992 0.0249306
0 0.445483 0.222751 0.0345519 0.0408371
0 0.499124 0.407121 0.0298146 0.0273207
0 0.825486 0.511045 0.0379089 0.0357093
0 0.486968 0.970898 0.0327218 0.0363313
0 0.632231 0.666546 0.0303249 0.0284091
0 0.533019 0.715028 0.0358213 0.036792
0 0.230819 0.916769 0.0279548 0.036648
0 0.697088 0.971241 0.0320767 0.0359426
0 0.666066 0.819282 0.0292573 0.0286742
0 0.683229 0.759521 0.0310105 0.0307405
0 0.0577647 0.61118 0.0341933 0.0302711
0 0.290582 0.370562 0.0263713 0.0318173
0 0.123694 0.511954 0.0393408 0.0317561
0 0.658497 0.142142 0.0444499 0.0420244
0 0.779119 0.9045 0.0241895 0.0289005
0 0.0842721 0.67256 0.032188 0.0261282
0 0.663923 0.973113 0.0384463 0.0362425
0 0.378875 0.776039 0.0263614 0.0321566
0 0.922094 0.76122 0.0277386 0.029069
0 0.32614 0.907547 0.0146503 0.0147923
0 0.609762 0.0303116 0.0299426 0.034809
0 0.633725 0.825051 0.033344 0.0346985
0 0.303933 0.921928 0.0147193 0.0150759
0 0.108317 0.050582 0.0265116 0.0246708
0 0.666112 0.0461145 0.0350767 0.0424152
0 0.543783 0.615043 0.0342917 0.0338564
0 0.258213 0.645377 0.0318091 0.0383999
0 0.562386 0.975609 0.0345233 0.0309468
0 0.455265 0.356244 0.0364983 0.0497334
0 0.285487 0.555035 0.0306344 0.0314048
0 0.601167 0.0150695 0.0316954 0.0242606
0 0.0787679 0.178447 0.0199806 0.019157
0 0.422583 0.863631 0.0303912 0.0305344
0 0.604429 0.012033 0.0254884 0.0179773
0 0.381689 0.394176 0.0457942 0.0462718
0 0.569698 0.0133189 0.0269634 0.0207875
0 0.535842 0.59481 0.0185655 0.0137068
0 0.747871 0.06541 0.0318528 0.0299382
0 0.931792 0.734515 0.0289108 0.0337342
0 0.483956 0.432497 0.0283917 0.0325295
0 0.39516 0.911868 0.031004 0.0324362
0 0.729592 0.423464 0.0474502 0.0570642
0 0.971121 0.6725 0.0301796 0.0328948
0 0.236198 0.974803 0.0210871 0.0176171
0 0.328693 0.842838 0.0182948 0.0184049
0 0.0188248 0.223612 0.0279038 0.0323413
0 0.590064 0.96822 0.0367922 0.0341442
0 0.078298 0.0993441 0.0264312 0.0230028
0 0.864207 0.625446 0.0337578 0.0309349
0 0.559696 0.433403 0.0301122 0.0321973
0 0.366903 0.452657 0.0345513 0.0273699
0 0.273312 0.234759 0.0319049 0.0322595
0 0.640152 0.979678 0.0302029 0.025398
0 0.773231 0.446952 0.0301748 0.0303392
0 0.32593 0.565139 0.0233396 0.0287127
0 0.371323 0.852367 0.0210027 0.016345
0 0.503008 0.404671 0.0379706 0.0319526
0 0.196337 0.875917 0.032754 0.0347654
0 0.4127 0.931245 0.0309353 0.0320287
0 0.355787 0.478385 0.0294624 0.0310049
0 0.395707 0.109473 0.0189657 0.025203
0 0.264322 0.9351 0.0194164 0.018947
0 0.301776 0.304095 0.0375794 0.0353731
0 0.168673 0.805274 0.0339881 0.0338368
0 0.17763 0.0951556 0.0245259 0.0251996
0 0.0229883 0.538528 0.0317978 0.0321919
0 0.5748 0.40118 0.0361779 0.0458745
0 0.473544 0.281998 0.0263033 0.0303707
0 0.73995 0.82505 0.0319596 0.0331628
0 0.536227 0.592721 0.0212937 0.0183305
0 0.322691 0.912257 0.0212036 0.0223209
0 0.102159 0.814392 0.0348803 0.0309418
0 0.71296 0.0988767 0.0371681 0.0350605
0 0.0158902 0.331666 0.0201835 0.0335471
0 0.0676831 0.471797 0.0317246 0.0328239
0 0.485997 0.394767 0.0178702 0.0152424
0 0.515047 0.9627 0.0359641 0.0347823
0 0.705558 0.336097 0.023807 0.0223747
0 0.154453 0.950689 0.0179619 0.0187661
0 0.227475 0.95182 0.0329201 0.0297878
